zHD MU_SH0ES
2.049000000000000127e-02 3.512630000000000052e+01
2.118000000000000091e-02 3.511800000000000210e+01
2.214999999999999955e-02 3.504809999999999803e+01
2.219000000000000139e-02 3.501359999999999673e+01
2.240999999999999936e-02 3.503920000000000101e+01
2.295000000000000165e-02 3.526850000000000307e+01
2.313000000000000125e-02 3.502250000000000085e+01
2.324999999999999983e-02 3.505369999999999919e+01
2.357000000000000067e-02 3.504059999999999775e+01
2.401000000000000009e-02 3.510179999999999723e+01
2.410999999999999949e-02 3.510490000000000066e+01
2.427999999999999950e-02 3.518030000000000257e+01
2.428999999999999909e-02 3.507710000000000150e+01
2.432000000000000134e-02 3.523169999999999646e+01
2.434000000000000052e-02 3.501019999999999754e+01
2.452999999999999972e-02 3.500800000000000267e+01
2.457000000000000156e-02 3.517840000000000344e+01
2.461999999999999952e-02 3.510609999999999786e+01
2.491000000000000159e-02 3.508619999999999806e+01
2.494000000000000036e-02 3.519729999999999848e+01
2.509000000000000119e-02 3.521520000000000294e+01
2.510000000000000078e-02 3.507900000000000063e+01
2.511999999999999997e-02 3.502759999999999962e+01
2.517000000000000140e-02 3.519890000000000185e+01
2.517000000000000140e-02 3.522769999999999868e+01
2.519000000000000059e-02 3.511390000000000100e+01
2.534000000000000141e-02 3.518820000000000192e+01
2.534000000000000141e-02 3.519740000000000180e+01
2.555999999999999939e-02 3.518280000000000030e+01
2.556999999999999898e-02 3.506210000000000093e+01
2.590999999999999900e-02 3.511809999999999832e+01
2.596000000000000044e-02 3.540140000000000242e+01
2.597999999999999962e-02 3.529310000000000258e+01
2.597999999999999962e-02 3.531110000000000326e+01
2.625999999999999862e-02 3.528549999999999898e+01
2.631999999999999965e-02 3.502230000000000132e+01
2.668999999999999845e-02 3.530799999999999983e+01
2.690999999999999989e-02 3.526879999999999882e+01
2.695000000000000173e-02 3.511840000000000117e+01
2.713000000000000134e-02 3.525130000000000052e+01
2.714000000000000093e-02 3.532240000000000180e+01
2.730000000000000135e-02 3.528920000000000101e+01
2.731000000000000094e-02 3.526729999999999876e+01
2.731000000000000094e-02 3.534369999999999834e+01
2.735999999999999890e-02 3.531300000000000239e+01
2.740000000000000074e-02 3.530420000000000158e+01
2.741000000000000034e-02 3.552360000000000184e+01
2.748000000000000095e-02 3.511299999999999955e+01
2.773000000000000118e-02 3.534669999999999845e+01
2.802999999999999936e-02 3.572579999999999956e+01
2.804999999999999855e-02 3.513060000000000116e+01
2.809999999999999998e-02 3.567390000000000327e+01
2.816000000000000100e-02 3.536129999999999995e+01
2.818999999999999978e-02 3.531739999999999924e+01
2.819999999999999937e-02 3.528739999999999810e+01
2.823000000000000162e-02 3.550610000000000355e+01
2.833000000000000101e-02 3.526650000000000063e+01
2.844000000000000000e-02 3.537199999999999989e+01
2.849000000000000143e-02 3.510490000000000066e+01
2.849000000000000143e-02 3.543679999999999808e+01
2.849000000000000143e-02 3.519630000000000081e+01
2.857000000000000164e-02 3.559960000000000235e+01
2.858000000000000124e-02 3.565959999999999752e+01
2.866000000000000145e-02 3.534490000000000265e+01
2.866000000000000145e-02 3.541049999999999898e+01
2.887999999999999942e-02 3.527629999999999910e+01
2.897999999999999882e-02 3.547789999999999822e+01
2.902000000000000066e-02 3.505579999999999785e+01
2.912999999999999964e-02 3.551520000000000010e+01
2.914999999999999883e-02 3.569480000000000075e+01
2.917000000000000148e-02 3.523910000000000053e+01
2.919000000000000067e-02 3.560240000000000293e+01
2.937999999999999987e-02 3.562219999999999942e+01
2.937999999999999987e-02 3.547200000000000131e+01
2.944000000000000089e-02 3.527609999999999957e+01
2.946999999999999967e-02 3.509389999999999787e+01
2.948999999999999885e-02 3.560790000000000077e+01
2.949999999999999845e-02 3.536379999999999768e+01
2.953000000000000069e-02 3.546540000000000248e+01
2.955999999999999947e-02 3.550639999999999930e+01
2.969000000000000111e-02 3.527810000000000201e+01
2.978000000000000091e-02 3.550150000000000006e+01
2.978000000000000091e-02 3.551160000000000139e+01
2.989999999999999949e-02 3.543540000000000134e+01
2.996000000000000052e-02 3.586099999999999710e+01
3.012000000000000094e-02 3.551950000000000074e+01
3.022999999999999993e-02 3.551850000000000307e+01
3.031000000000000014e-02 3.555420000000000158e+01
3.036000000000000157e-02 3.548029999999999973e+01
3.047000000000000056e-02 3.553450000000000131e+01
3.058999999999999914e-02 3.535860000000000269e+01
3.074999999999999956e-02 3.535220000000000340e+01
3.075999999999999915e-02 3.560840000000000316e+01
3.082999999999999977e-02 3.546479999999999677e+01
3.085999999999999854e-02 3.541640000000000299e+01
3.090999999999999998e-02 3.549260000000000304e+01
3.096000000000000141e-02 3.564809999999999945e+01
3.107999999999999999e-02 3.592240000000000322e+01
3.107999999999999999e-02 3.540599999999999881e+01
3.109999999999999917e-02 3.556499999999999773e+01
3.114000000000000101e-02 3.567000000000000171e+01
3.116000000000000020e-02 3.558769999999999811e+01
3.116999999999999979e-02 3.553040000000000020e+01
3.117999999999999938e-02 3.566749999999999687e+01
3.119999999999999857e-02 3.549569999999999936e+01
3.121000000000000163e-02 3.577199999999999847e+01
3.132000000000000062e-02 3.562310000000000088e+01
3.142999999999999960e-02 3.564609999999999701e+01
3.142999999999999960e-02 3.556020000000000181e+01
3.146999999999999797e-02 3.591190000000000282e+01
3.148000000000000104e-02 3.570170000000000243e+01
3.148000000000000104e-02 3.570700000000000074e+01
3.162000000000000227e-02 3.564739999999999753e+01
3.166000000000000064e-02 3.572789999999999822e+01
3.191999999999999699e-02 3.545920000000000272e+01
3.200999999999999679e-02 3.548960000000000292e+01
3.235999999999999988e-02 3.567459999999999809e+01
3.255000000000000254e-02 3.557600000000000051e+01
3.259999999999999704e-02 3.585620000000000118e+01
3.264000000000000234e-02 3.588080000000000069e+01
3.264000000000000234e-02 3.590820000000000078e+01
3.271999999999999909e-02 3.566380000000000194e+01
3.282000000000000195e-02 3.563289999999999935e+01
3.289000000000000257e-02 3.583809999999999718e+01
3.289999999999999869e-02 3.572480000000000189e+01
3.293999999999999706e-02 3.579919999999999902e+01
3.296000000000000318e-02 3.573239999999999839e+01
3.298000000000000237e-02 3.561639999999999873e+01
3.332999999999999852e-02 3.566429999999999723e+01
3.334999999999999770e-02 3.581589999999999918e+01
3.341000000000000220e-02 3.586469999999999914e+01
3.370999999999999691e-02 3.577969999999999828e+01
3.373000000000000304e-02 3.582900000000000063e+01
3.375000000000000222e-02 3.602289999999999992e+01
3.377999999999999753e-02 3.582759999999999678e+01
3.393000000000000183e-02 3.590890000000000271e+01
3.402999999999999775e-02 3.575869999999999749e+01
3.427999999999999797e-02 3.591879999999999740e+01
3.436999999999999778e-02 3.578370000000000317e+01
3.441000000000000308e-02 3.582500000000000284e+01
3.450999999999999901e-02 3.597570000000000334e+01
3.459000000000000269e-02 3.573479999999999990e+01
3.479000000000000148e-02 3.585660000000000025e+01
3.490999999999999659e-02 3.591179999999999950e+01
3.511999999999999844e-02 3.588159999999999883e+01
3.515000000000000069e-02 3.589370000000000260e+01
3.515999999999999681e-02 3.580120000000000147e+01
3.522000000000000131e-02 3.583489999999999753e+01
3.529000000000000192e-02 3.586099999999999710e+01
3.550999999999999990e-02 3.599049999999999727e+01
3.568000000000000338e-02 3.623400000000000176e+01
3.576000000000000012e-02 3.595909999999999940e+01
3.576000000000000012e-02 3.615449999999999875e+01
3.583000000000000074e-02 3.593249999999999744e+01
3.584999999999999992e-02 3.555149999999999721e+01
3.599000000000000116e-02 3.599090000000000344e+01
3.615999999999999770e-02 3.585860000000000269e+01
3.624000000000000138e-02 3.618449999999999989e+01
3.635000000000000037e-02 3.600350000000000250e+01
3.681999999999999856e-02 3.592819999999999681e+01
3.697000000000000286e-02 3.607480000000000331e+01
3.701999999999999735e-02 3.580559999999999832e+01
3.701999999999999735e-02 3.606949999999999790e+01
3.701999999999999735e-02 3.607999999999999829e+01
3.704999999999999960e-02 3.596370000000000289e+01
3.706999999999999879e-02 3.604749999999999943e+01
3.724999999999999839e-02 3.600670000000000215e+01
3.729999999999999982e-02 3.586979999999999791e+01
3.740000000000000269e-02 3.597890000000000299e+01
3.753000000000000086e-02 3.594899999999999807e+01
3.756000000000000311e-02 3.633330000000000126e+01
3.787000000000000088e-02 3.600630000000000308e+01
3.790000000000000313e-02 3.606239999999999668e+01
3.796000000000000069e-02 3.608890000000000242e+01
3.817999999999999866e-02 3.589379999999999882e+01
3.828000000000000153e-02 3.611410000000000053e+01
3.833999999999999908e-02 3.651769999999999783e+01
3.846999999999999725e-02 3.622540000000000049e+01
3.848000000000000032e-02 3.625639999999999930e+01
3.873000000000000054e-02 3.601250000000000284e+01
3.883999999999999952e-02 3.602600000000000335e+01
3.901999999999999913e-02 3.601250000000000284e+01
3.908999999999999975e-02 3.619619999999999749e+01
3.910000000000000281e-02 3.621249999999999858e+01
4.014000000000000207e-02 3.628399999999999892e+01
4.034999999999999698e-02 3.654860000000000042e+01
4.055999999999999883e-02 3.601670000000000016e+01
4.077000000000000068e-02 3.599179999999999779e+01
4.089000000000000273e-02 3.612630000000000052e+01
4.095000000000000029e-02 3.641040000000000276e+01
4.098999999999999866e-02 3.604030000000000200e+01
4.100999999999999784e-02 3.631530000000000058e+01
4.166999999999999871e-02 3.656009999999999849e+01
4.222000000000000058e-02 3.621009999999999707e+01
4.257999999999999979e-02 3.651059999999999661e+01
4.268000000000000266e-02 3.629310000000000258e+01
4.268000000000000266e-02 3.591380000000000194e+01
4.284999999999999920e-02 3.625209999999999866e+01
4.288999999999999757e-02 3.620179999999999865e+01
4.306000000000000105e-02 3.624569999999999936e+01
4.349000000000000088e-02 3.641649999999999920e+01
4.349000000000000088e-02 3.621370000000000289e+01
4.368999999999999967e-02 3.625939999999999941e+01
4.408000000000000113e-02 3.632979999999999876e+01
4.438000000000000278e-02 3.654690000000000083e+01
4.438999999999999890e-02 3.629160000000000252e+01
4.440000000000000197e-02 3.655100000000000193e+01
4.463999999999999913e-02 3.651140000000000185e+01
4.487000000000000016e-02 3.645649999999999835e+01
4.521000000000000019e-02 3.668659999999999854e+01
4.544999999999999735e-02 3.645409999999999684e+01
4.574999999999999900e-02 3.646340000000000003e+01
4.583000000000000268e-02 3.615789999999999793e+01
4.590000000000000330e-02 3.638110000000000355e+01
4.624999999999999944e-02 3.626359999999999673e+01
4.630999999999999700e-02 3.653940000000000055e+01
4.642999999999999905e-02 3.632469999999999999e+01
4.655999999999999722e-02 3.650809999999999889e+01
4.664000000000000090e-02 3.647129999999999939e+01
4.682000000000000051e-02 3.647860000000000014e+01
4.691000000000000031e-02 3.675820000000000221e+01
4.737999999999999851e-02 3.656419999999999959e+01
4.760000000000000342e-02 3.660090000000000288e+01
4.776999999999999996e-02 3.659459999999999980e+01
4.776999999999999996e-02 3.656269999999999953e+01
4.818999999999999673e-02 3.649759999999999849e+01
4.837000000000000327e-02 3.637349999999999994e+01
4.859999999999999737e-02 3.633030000000000115e+01
4.864999999999999880e-02 3.664099999999999824e+01
4.934000000000000191e-02 3.659969999999999857e+01
4.939999999999999947e-02 3.646909999999999741e+01
4.943999999999999784e-02 3.658279999999999887e+01
4.984999999999999848e-02 3.664020000000000010e+01
4.988999999999999685e-02 3.647140000000000271e+01
5.018000000000000238e-02 3.656929999999999836e+01
5.022999999999999687e-02 3.685829999999999984e+01
5.031999999999999668e-02 3.654030000000000200e+01
5.043999999999999873e-02 3.646209999999999951e+01
5.049000000000000016e-02 3.654610000000000269e+01
5.052000000000000240e-02 3.670360000000000156e+01
5.065999999999999670e-02 3.685229999999999961e+01
5.106000000000000122e-02 3.688040000000000163e+01
5.126000000000000001e-02 3.639300000000000068e+01
5.151000000000000023e-02 3.658619999999999806e+01
5.194000000000000006e-02 3.677590000000000003e+01
5.201999999999999680e-02 3.686789999999999878e+01
5.222000000000000253e-02 3.684109999999999729e+01
5.262000000000000011e-02 3.691440000000000055e+01
5.308999999999999830e-02 3.677519999999999811e+01
5.315999999999999892e-02 3.684740000000000038e+01
5.346000000000000058e-02 3.686310000000000286e+01
5.467999999999999944e-02 3.683270000000000266e+01
5.469000000000000250e-02 3.685810000000000031e+01
5.501999999999999946e-02 3.664330000000000354e+01
5.541000000000000092e-02 3.686760000000000304e+01
5.614000000000000240e-02 3.681089999999999662e+01
5.652999999999999692e-02 3.690979999999999706e+01
5.693000000000000144e-02 3.703929999999999723e+01
5.707999999999999879e-02 3.699029999999999774e+01
5.727999999999999758e-02 3.706869999999999976e+01
5.824000000000000010e-02 3.698210000000000264e+01
5.829999999999999766e-02 3.695450000000000301e+01
5.886000000000000260e-02 3.698020000000000351e+01
5.974000000000000143e-02 3.630010000000000048e+01
6.092000000000000193e-02 3.703199999999999648e+01
6.099000000000000254e-02 3.716310000000000002e+01
6.121000000000000052e-02 3.713830000000000098e+01
6.137000000000000094e-02 3.696079999999999899e+01
6.153000000000000136e-02 3.707469999999999999e+01
6.371999999999999886e-02 3.735170000000000101e+01
6.383999999999999397e-02 3.701970000000000027e+01
6.446000000000000341e-02 3.707860000000000156e+01
6.532999999999999918e-02 3.708509999999999707e+01
6.626999999999999558e-02 3.736169999999999902e+01
6.654000000000000192e-02 3.716270000000000095e+01
6.711000000000000298e-02 3.742369999999999663e+01
6.725000000000000422e-02 3.723440000000000083e+01
6.786000000000000365e-02 3.749349999999999739e+01
6.844000000000000083e-02 3.723810000000000286e+01
6.886000000000000454e-02 3.742130000000000223e+01
6.897000000000000353e-02 3.728170000000000073e+01
7.023000000000000076e-02 3.729440000000000310e+01
7.055999999999999772e-02 3.729610000000000269e+01
7.073000000000000120e-02 3.747870000000000346e+01
7.083000000000000407e-02 3.748140000000000072e+01
7.088999999999999468e-02 3.745430000000000348e+01
7.090000000000000469e-02 3.772910000000000252e+01
7.091000000000000081e-02 3.737120000000000175e+01
7.116000000000000103e-02 3.735520000000000351e+01
7.158000000000000473e-02 3.724940000000000140e+01
7.166999999999999760e-02 3.741550000000000153e+01
7.192999999999999394e-02 3.756179999999999808e+01
7.222000000000000641e-02 3.763190000000000168e+01
7.252000000000000113e-02 3.762250000000000227e+01
7.392999999999999572e-02 3.755349999999999966e+01
7.439999999999999392e-02 3.743460000000000321e+01
7.445999999999999841e-02 3.745009999999999906e+01
7.520000000000000295e-02 3.747630000000000194e+01
7.520000000000000295e-02 3.756560000000000343e+01
7.560000000000000053e-02 3.781419999999999959e+01
7.574999999999999789e-02 3.754610000000000269e+01
7.588000000000000300e-02 3.763419999999999987e+01
7.845000000000000584e-02 3.757150000000000034e+01
7.858999999999999320e-02 3.783149999999999835e+01
7.875000000000000056e-02 3.801539999999999964e+01
7.875000000000000056e-02 3.809420000000000073e+01
7.895000000000000628e-02 3.759879999999999711e+01
7.906000000000000527e-02 3.778430000000000177e+01
7.931000000000000549e-02 3.753000000000000114e+01
7.990999999999999492e-02 3.760029999999999717e+01
8.008999999999999453e-02 3.766680000000000206e+01
8.167000000000000648e-02 3.772149999999999892e+01
8.244999999999999551e-02 3.781920000000000215e+01
8.282000000000000473e-02 3.767739999999999867e+01
8.308999999999999719e-02 3.799389999999999645e+01
8.409999999999999420e-02 3.796860000000000213e+01
8.572000000000000453e-02 3.784060000000000201e+01
8.704000000000000625e-02 3.784839999999999804e+01
8.870000000000000107e-02 3.777720000000000056e+01
9.038999999999999813e-02 3.792020000000000124e+01
9.088999999999999857e-02 3.802689999999999770e+01
9.205000000000000682e-02 3.816020000000000323e+01
9.292999999999999872e-02 3.822259999999999991e+01
9.950000000000000511e-02 3.843769999999999953e+01
1.016500000000000042e-01 3.829820000000000135e+01
1.022099999999999953e-01 3.840849999999999653e+01
1.024599999999999955e-01 3.825110000000000099e+01
1.029400000000000037e-01 3.818149999999999977e+01
1.036099999999999938e-01 3.833379999999999654e+01
1.037399999999999989e-01 3.820790000000000219e+01
1.050699999999999967e-01 3.842949999999999733e+01
1.066099999999999964e-01 3.826109999999999900e+01
1.070699999999999985e-01 3.846240000000000236e+01
1.071099999999999969e-01 3.842949999999999733e+01
1.071300000000000030e-01 3.878009999999999735e+01
1.077400000000000024e-01 3.849839999999999662e+01
1.079399999999999943e-01 3.840169999999999817e+01
1.090799999999999964e-01 3.840160000000000196e+01
1.100099999999999967e-01 3.857009999999999650e+01
1.125899999999999956e-01 3.862140000000000128e+01
1.138799999999999951e-01 3.838759999999999906e+01
1.165000000000000063e-01 3.854079999999999728e+01
1.165299999999999947e-01 3.863020000000000209e+01
1.175999999999999962e-01 3.857269999999999754e+01
1.179199999999999970e-01 3.860880000000000223e+01
1.181799999999999934e-01 3.841570000000000107e+01
1.190100000000000047e-01 3.856289999999999907e+01
1.201399999999999968e-01 3.859579999999999700e+01
1.205800000000000066e-01 3.879260000000000019e+01
1.208599999999999952e-01 3.863479999999999848e+01
1.220699999999999980e-01 3.859449999999999648e+01
1.223100000000000021e-01 3.861189999999999856e+01
1.227800000000000002e-01 3.868529999999999802e+01
1.231600000000000056e-01 3.859669999999999845e+01
1.235699999999999993e-01 3.861639999999999873e+01
1.237700000000000050e-01 3.880089999999999861e+01
1.238299999999999956e-01 3.882419999999999760e+01
1.239299999999999985e-01 3.865039999999999765e+01
1.240499999999999936e-01 3.883500000000000085e+01
1.247199999999999975e-01 3.876160000000000139e+01
1.255999999999999894e-01 3.914170000000000016e+01
1.262300000000000089e-01 3.849560000000000315e+01
1.270600000000000063e-01 3.881250000000000000e+01
1.270999999999999908e-01 3.868489999999999895e+01
1.272000000000000075e-01 3.874289999999999878e+01
1.273199999999999887e-01 3.878410000000000224e+01
1.292000000000000093e-01 3.875469999999999970e+01
1.292099999999999915e-01 3.884029999999999916e+01
1.295000000000000040e-01 3.883299999999999841e+01
1.295800000000000007e-01 3.884290000000000020e+01
1.316900000000000015e-01 3.880199999999999960e+01
1.328100000000000114e-01 3.878410000000000224e+01
1.336600000000000010e-01 3.882659999999999911e+01
1.337200000000000055e-01 3.884340000000000259e+01
1.347700000000000009e-01 3.923660000000000281e+01
1.353499999999999981e-01 3.907750000000000057e+01
1.361400000000000110e-01 3.897710000000000008e+01
1.365800000000000070e-01 3.884749999999999659e+01
1.370000000000000107e-01 3.900950000000000273e+01
1.371300000000000019e-01 3.896159999999999712e+01
1.374499999999999889e-01 3.935110000000000241e+01
1.382200000000000095e-01 3.888569999999999993e+01
1.382599999999999940e-01 3.895029999999999859e+01
1.383999999999999952e-01 3.902289999999999992e+01
1.385099999999999942e-01 3.904010000000000247e+01
1.387500000000000122e-01 3.899989999999999668e+01
1.388000000000000067e-01 3.904670000000000130e+01
1.395500000000000074e-01 3.902129999999999654e+01
1.408200000000000007e-01 3.917750000000000199e+01
1.410399999999999987e-01 3.928349999999999653e+01
1.412299999999999944e-01 3.904070000000000107e+01
1.413399999999999934e-01 3.912369999999999948e+01
1.432499999999999885e-01 3.904699999999999704e+01
1.434499999999999942e-01 3.951539999999999964e+01
1.435899999999999954e-01 3.911350000000000193e+01
1.440400000000000014e-01 3.907560000000000144e+01
1.442299999999999971e-01 3.901599999999999824e+01
1.454199999999999937e-01 3.915180000000000149e+01
1.463800000000000101e-01 3.918569999999999709e+01
1.465200000000000113e-01 3.915800000000000125e+01
1.473700000000000010e-01 3.901539999999999964e+01
1.474699999999999900e-01 3.896719999999999828e+01
1.477100000000000080e-01 3.913400000000000034e+01
1.477799999999999947e-01 3.916100000000000136e+01
1.480299999999999949e-01 3.922849999999999682e+01
1.480599999999999972e-01 3.903820000000000334e+01
1.483399999999999996e-01 3.902389999999999759e+01
1.489800000000000013e-01 3.916060000000000230e+01
1.494000000000000050e-01 3.911039999999999850e+01
1.504999999999999949e-01 3.910580000000000211e+01
1.508400000000000019e-01 3.916870000000000118e+01
1.519500000000000017e-01 3.904769999999999897e+01
1.529099999999999904e-01 3.932390000000000185e+01
1.531800000000000106e-01 3.921750000000000114e+01
1.533599999999999963e-01 3.909909999999999997e+01
1.534099999999999908e-01 3.925639999999999930e+01
1.535700000000000121e-01 3.936390000000000100e+01
1.551099999999999979e-01 3.920759999999999934e+01
1.552600000000000091e-01 3.927799999999999869e+01
1.553599999999999981e-01 3.939939999999999998e+01
1.560100000000000098e-01 3.897039999999999793e+01
1.567099999999999882e-01 3.920870000000000033e+01
1.585600000000000065e-01 3.907939999999999969e+01
1.592099999999999904e-01 3.942669999999999675e+01
1.593100000000000072e-01 3.895029999999999859e+01
1.594800000000000106e-01 3.909080000000000155e+01
1.600399999999999878e-01 3.904279999999999973e+01
1.600800000000000001e-01 3.922860000000000014e+01
1.605300000000000060e-01 3.920570000000000022e+01
1.606100000000000028e-01 3.942419999999999902e+01
1.607699999999999962e-01 3.921620000000000061e+01
1.612200000000000022e-01 3.931060000000000088e+01
1.623600000000000043e-01 3.932520000000000238e+01
1.637500000000000067e-01 3.928070000000000306e+01
1.644799999999999873e-01 3.926339999999999719e+01
1.647099999999999953e-01 3.932930000000000348e+01
1.649500000000000133e-01 3.931819999999999737e+01
1.660300000000000109e-01 3.949380000000000024e+01
1.660600000000000132e-01 3.918169999999999931e+01
1.682800000000000129e-01 3.927570000000000050e+01
1.692400000000000015e-01 3.951550000000000296e+01
1.697099999999999997e-01 3.967210000000000036e+01
1.704199999999999882e-01 3.947420000000000329e+01
1.712400000000000033e-01 3.954240000000000066e+01
1.716900000000000093e-01 3.946029999999999660e+01
1.725599999999999912e-01 3.950209999999999866e+01
1.726999999999999924e-01 3.926760000000000161e+01
1.729700000000000126e-01 3.972630000000000194e+01
1.733099999999999918e-01 3.938709999999999667e+01
1.737400000000000055e-01 3.954030000000000200e+01
1.737799999999999900e-01 3.934929999999999950e+01
1.739199999999999913e-01 3.959859999999999758e+01
1.741699999999999915e-01 3.957339999999999947e+01
1.741999999999999937e-01 3.933169999999999789e+01
1.743800000000000072e-01 3.950529999999999831e+01
1.744300000000000017e-01 3.955460000000000065e+01
1.744400000000000117e-01 3.948490000000000322e+01
1.749799999999999967e-01 3.974340000000000117e+01
1.766600000000000115e-01 3.951639999999999731e+01
1.771300000000000097e-01 3.950950000000000273e+01
1.773699999999999999e-01 3.947710000000000008e+01
1.778599999999999903e-01 3.933939999999999770e+01
1.779100000000000126e-01 3.964770000000000039e+01
1.785200000000000120e-01 3.996690000000000254e+01
1.790100000000000025e-01 3.964099999999999824e+01
1.791099999999999914e-01 3.976720000000000255e+01
1.793099999999999972e-01 3.953549999999999898e+01
1.795200000000000129e-01 3.955089999999999861e+01
1.797300000000000009e-01 3.955190000000000339e+01
1.797499999999999931e-01 3.959620000000000317e+01
1.800400000000000056e-01 3.999790000000000134e+01
1.804999999999999938e-01 3.936880000000000024e+01
1.807300000000000018e-01 3.950350000000000250e+01
1.807799999999999963e-01 3.971659999999999968e+01
1.808200000000000085e-01 3.963909999999999911e+01
1.808599999999999930e-01 3.961509999999999820e+01
1.809199999999999975e-01 3.962129999999999797e+01
1.812600000000000044e-01 3.965849999999999653e+01
1.813599999999999934e-01 3.948680000000000234e+01
1.814500000000000002e-01 3.939529999999999887e+01
1.821699999999999986e-01 3.958630000000000138e+01
1.822900000000000076e-01 3.952590000000000003e+01
1.823099999999999998e-01 3.968849999999999767e+01
1.825199999999999878e-01 3.978209999999999980e+01
1.836000000000000132e-01 3.959949999999999903e+01
1.837499999999999967e-01 3.967999999999999972e+01
1.838899999999999979e-01 3.975200000000000244e+01
1.840199999999999891e-01 3.979599999999999937e+01
1.845799999999999941e-01 3.993840000000000146e+01
1.845900000000000041e-01 3.978909999999999769e+01
1.848400000000000043e-01 3.965480000000000160e+01
1.849300000000000110e-01 3.961299999999999955e+01
1.850600000000000023e-01 3.974349999999999739e+01
1.851500000000000090e-01 3.963470000000000226e+01
1.852199999999999958e-01 3.954270000000000351e+01
1.852699999999999902e-01 3.978820000000000334e+01
1.866700000000000026e-01 3.975589999999999691e+01
1.872800000000000020e-01 3.976939999999999742e+01
1.880900000000000072e-01 3.974510000000000076e+01
1.890600000000000058e-01 3.943840000000000146e+01
1.890799999999999981e-01 3.980890000000000128e+01
1.892900000000000138e-01 3.993589999999999662e+01
1.892900000000000138e-01 4.014079999999999870e+01
1.894800000000000095e-01 3.974130000000000251e+01
1.895199999999999940e-01 3.976239999999999952e+01
1.899500000000000077e-01 3.972860000000000014e+01
1.902500000000000024e-01 3.988069999999999737e+01
1.904200000000000059e-01 3.968919999999999959e+01
1.904399999999999982e-01 3.991819999999999879e+01
1.941299999999999970e-01 3.979829999999999757e+01
1.943400000000000127e-01 3.987870000000000203e+01
1.954599999999999949e-01 4.013430000000000319e+01
1.955300000000000094e-01 3.971110000000000184e+01
1.955699999999999938e-01 3.990820000000000078e+01
1.956799999999999928e-01 3.995799999999999841e+01
1.961600000000000010e-01 3.972879999999999967e+01
1.962099999999999955e-01 3.977470000000000283e+01
1.962700000000000000e-01 3.983970000000000056e+01
1.963499999999999968e-01 3.989269999999999783e+01
1.973300000000000054e-01 3.980180000000000007e+01
1.974100000000000021e-01 3.969319999999999737e+01
1.978199999999999958e-01 3.949199999999999733e+01
1.981700000000000128e-01 3.975610000000000355e+01
1.982800000000000118e-01 3.988790000000000191e+01
1.986100000000000088e-01 4.032459999999999667e+01
1.987700000000000022e-01 3.988810000000000144e+01
1.987800000000000122e-01 3.988900000000000290e+01
1.990800000000000070e-01 4.002159999999999940e+01
1.995300000000000129e-01 3.985110000000000241e+01
1.996100000000000096e-01 3.967640000000000100e+01
1.996999999999999886e-01 3.989650000000000318e+01
2.007700000000000040e-01 3.968370000000000175e+01
2.008300000000000085e-01 3.998380000000000223e+01
2.008699999999999930e-01 3.976720000000000255e+01
2.012799999999999867e-01 3.985750000000000171e+01
2.023099999999999898e-01 3.961840000000000117e+01
2.024900000000000033e-01 3.999490000000000123e+01
2.027899999999999980e-01 3.983729999999999905e+01
2.031999999999999917e-01 3.996580000000000155e+01
2.032899999999999985e-01 3.988219999999999743e+01
2.033099999999999907e-01 3.992770000000000152e+01
2.033399999999999930e-01 3.993350000000000222e+01
2.038200000000000012e-01 3.990409999999999968e+01
2.046900000000000108e-01 3.988089999999999691e+01
2.048300000000000121e-01 3.984270000000000067e+01
2.052299999999999958e-01 4.016610000000000014e+01
2.056199999999999972e-01 3.981260000000000332e+01
2.069100000000000106e-01 3.992249999999999943e+01
2.074799999999999978e-01 4.031600000000000250e+01
2.075100000000000000e-01 4.007249999999999801e+01
2.084000000000000019e-01 3.972990000000000066e+01
2.085599999999999954e-01 3.987579999999999814e+01
2.086800000000000044e-01 4.010340000000000060e+01
2.086999999999999966e-01 3.986390000000000100e+01
2.087900000000000034e-01 3.987980000000000302e+01
2.094799999999999995e-01 3.984129999999999683e+01
2.101500000000000035e-01 4.014789999999999992e+01
2.103700000000000014e-01 3.945430000000000348e+01
2.108399999999999996e-01 3.996320000000000050e+01
2.109499999999999986e-01 3.980599999999999739e+01
2.111399999999999944e-01 3.995519999999999783e+01
2.113400000000000001e-01 4.014150000000000063e+01
2.117400000000000115e-01 3.996759999999999735e+01
2.119999999999999940e-01 3.991360000000000241e+01
2.122499999999999942e-01 3.993739999999999668e+01
2.134999999999999953e-01 4.002179999999999893e+01
2.136500000000000066e-01 4.000840000000000174e+01
2.139800000000000035e-01 3.988739999999999952e+01
2.144000000000000072e-01 4.001789999999999736e+01
2.150700000000000112e-01 3.988250000000000028e+01
2.152100000000000124e-01 4.046410000000000196e+01
2.157799999999999996e-01 4.022529999999999717e+01
2.164999999999999980e-01 3.982529999999999859e+01
2.168899999999999995e-01 4.006719999999999970e+01
2.169200000000000017e-01 4.009320000000000306e+01
2.174200000000000021e-01 4.013949999999999818e+01
2.179399999999999948e-01 3.999419999999999931e+01
2.184500000000000053e-01 4.022160000000000224e+01
2.188100000000000045e-01 4.014159999999999684e+01
2.189699999999999980e-01 4.019250000000000256e+01
2.189800000000000080e-01 4.012919999999999732e+01
2.189899999999999902e-01 4.002960000000000207e+01
2.194099999999999939e-01 4.000480000000000302e+01
2.195000000000000007e-01 4.010979999999999990e+01
2.197199999999999986e-01 4.006159999999999854e+01
2.197800000000000031e-01 4.008820000000000050e+01
2.199000000000000121e-01 4.023870000000000147e+01
2.201700000000000046e-01 3.992280000000000229e+01
2.206599999999999950e-01 4.018760000000000332e+01
2.208299999999999985e-01 4.007979999999999876e+01
2.213199999999999890e-01 4.004410000000000025e+01
2.213199999999999890e-01 4.005879999999999797e+01
2.215000000000000024e-01 4.019369999999999976e+01
2.229899999999999938e-01 4.032569999999999766e+01
2.234899999999999942e-01 4.015109999999999957e+01
2.238499999999999934e-01 4.001619999999999777e+01
2.244899999999999951e-01 4.012930000000000064e+01
2.244899999999999951e-01 3.994489999999999696e+01
2.249299999999999911e-01 4.011260000000000048e+01
2.254200000000000093e-01 4.014909999999999712e+01
2.254299999999999915e-01 4.013289999999999935e+01
2.255099999999999882e-01 4.018560000000000088e+01
2.257800000000000085e-01 3.998649999999999949e+01
2.264500000000000124e-01 4.039119999999999777e+01
2.272599999999999898e-01 4.009700000000000131e+01
2.281799999999999939e-01 4.022359999999999758e+01
2.286499999999999921e-01 4.016040000000000276e+01
2.292800000000000116e-01 4.022290000000000276e+01
2.297800000000000120e-01 4.013510000000000133e+01
2.301999999999999880e-01 4.012830000000000297e+01
2.304100000000000037e-01 4.030619999999999692e+01
2.308199999999999974e-01 4.007169999999999987e+01
2.308600000000000096e-01 4.010490000000000066e+01
2.309199999999999864e-01 4.029579999999999984e+01
2.312500000000000111e-01 4.031689999999999685e+01
2.316199999999999926e-01 4.020100000000000051e+01
2.316400000000000126e-01 4.008749999999999858e+01
2.320500000000000063e-01 4.020450000000000301e+01
2.328199999999999992e-01 3.983409999999999940e+01
2.336699999999999888e-01 4.018569999999999709e+01
2.337799999999999878e-01 4.041479999999999961e+01
2.339100000000000068e-01 4.017880000000000251e+01
2.339499999999999913e-01 4.013889999999999958e+01
2.347200000000000120e-01 4.019120000000000203e+01
2.348099999999999909e-01 4.027839999999999776e+01
2.349400000000000099e-01 4.015800000000000125e+01
2.351999999999999924e-01 4.016290000000000049e+01
2.355599999999999916e-01 4.023360000000000269e+01
2.363899999999999890e-01 4.038049999999999784e+01
2.366199999999999970e-01 4.026359999999999673e+01
2.366399999999999892e-01 4.046739999999999782e+01
2.368500000000000050e-01 4.011899999999999977e+01
2.369300000000000017e-01 4.022789999999999822e+01
2.372100000000000042e-01 4.022449999999999903e+01
2.374600000000000044e-01 4.073649999999999949e+01
2.378899999999999904e-01 4.023169999999999646e+01
2.394999999999999907e-01 3.990590000000000259e+01
2.398099999999999954e-01 4.013000000000000256e+01
2.401999999999999968e-01 4.038470000000000226e+01
2.408500000000000085e-01 4.040160000000000196e+01
2.412199999999999900e-01 4.032909999999999684e+01
2.415100000000000025e-01 4.012140000000000128e+01
2.416399999999999937e-01 4.017199999999999704e+01
2.421999999999999986e-01 4.056400000000000006e+01
2.427999999999999881e-01 4.042170000000000130e+01
2.428400000000000003e-01 4.057339999999999947e+01
2.432900000000000063e-01 4.025160000000000338e+01
2.435400000000000065e-01 4.053799999999999670e+01
2.441000000000000114e-01 4.029560000000000031e+01
2.444399999999999906e-01 4.020640000000000214e+01
2.445900000000000019e-01 4.012630000000000052e+01
2.451099999999999945e-01 4.033359999999999701e+01
2.452300000000000035e-01 4.049569999999999936e+01
2.455299999999999983e-01 4.035819999999999652e+01
2.458500000000000130e-01 4.043180000000000263e+01
2.461699999999999999e-01 4.034729999999999706e+01
2.464999999999999969e-01 4.037800000000000011e+01
2.465600000000000014e-01 4.028289999999999793e+01
2.466000000000000136e-01 4.039070000000000249e+01
2.471099999999999963e-01 4.019830000000000325e+01
2.484599999999999864e-01 4.020300000000000296e+01
2.485999999999999877e-01 4.049119999999999919e+01
2.486099999999999977e-01 4.042759999999999820e+01
2.486200000000000077e-01 4.036569999999999681e+01
2.486500000000000099e-01 4.032560000000000144e+01
2.489599999999999869e-01 4.042699999999999960e+01
2.490900000000000059e-01 4.031669999999999732e+01
2.497199999999999975e-01 4.067329999999999757e+01
2.498299999999999965e-01 4.029610000000000269e+01
2.498599999999999988e-01 4.039150000000000063e+01
2.501900000000000235e-01 4.059649999999999892e+01
2.502199999999999980e-01 4.037639999999999674e+01
2.504299999999999859e-01 4.041449999999999676e+01
2.505100000000000104e-01 4.056920000000000215e+01
2.506300000000000194e-01 4.030089999999999861e+01
2.509000000000000119e-01 4.038730000000000331e+01
2.519899999999999918e-01 4.046979999999999933e+01
2.525999999999999912e-01 4.046220000000000283e+01
2.525999999999999912e-01 4.040659999999999741e+01
2.533000000000000251e-01 4.036880000000000024e+01
2.535800000000000276e-01 4.003029999999999688e+01
2.540700000000000180e-01 4.045459999999999923e+01
2.561599999999999988e-01 4.064580000000000126e+01
2.561999999999999833e-01 4.055930000000000035e+01
2.563699999999999868e-01 4.037290000000000134e+01
2.568300000000000027e-01 4.050229999999999819e+01
2.573099999999999832e-01 4.057759999999999678e+01
2.573599999999999777e-01 4.049410000000000309e+01
2.577200000000000046e-01 4.060880000000000223e+01
2.581300000000000261e-01 4.052799999999999869e+01
2.585899999999999865e-01 4.046629999999999683e+01
2.586499999999999910e-01 4.050999999999999801e+01
2.590399999999999925e-01 4.054180000000000206e+01
2.591899999999999760e-01 4.028790000000000049e+01
2.592300000000000160e-01 4.042549999999999955e+01
2.594799999999999884e-01 4.052380000000000138e+01
2.595199999999999729e-01 4.044200000000000017e+01
2.606200000000000183e-01 4.050330000000000297e+01
2.609400000000000053e-01 4.061280000000000001e+01
2.614099999999999757e-01 4.044700000000000273e+01
2.616200000000000192e-01 4.041819999999999879e+01
2.617200000000000082e-01 4.068739999999999668e+01
2.617300000000000182e-01 4.068099999999999739e+01
2.617499999999999827e-01 4.039200000000000301e+01
2.618400000000000172e-01 4.069350000000000023e+01
2.620000000000000107e-01 4.072160000000000224e+01
2.630299999999999860e-01 4.126409999999999911e+01
2.632300000000000195e-01 4.063880000000000337e+01
2.636000000000000010e-01 4.039970000000000283e+01
2.639299999999999979e-01 4.055879999999999797e+01
2.639699999999999824e-01 4.030349999999999966e+01
2.640799999999999814e-01 4.063419999999999987e+01
2.641899999999999804e-01 4.050739999999999696e+01
2.646000000000000019e-01 4.051530000000000342e+01
2.646299999999999764e-01 4.067190000000000083e+01
2.658200000000000007e-01 4.060869999999999891e+01
2.658300000000000107e-01 4.032439999999999714e+01
2.664000000000000257e-01 4.029010000000000247e+01
2.670000000000000151e-01 4.054630000000000223e+01
2.679099999999999815e-01 4.051030000000000086e+01
2.681799999999999740e-01 4.046229999999999905e+01
2.685899999999999954e-01 4.057900000000000063e+01
2.686000000000000054e-01 4.045530000000000115e+01
2.688699999999999979e-01 4.060390000000000299e+01
2.701999999999999957e-01 4.063629999999999853e+01
2.702100000000000057e-01 4.050889999999999702e+01
2.705699999999999772e-01 4.051389999999999958e+01
2.709400000000000142e-01 4.048870000000000147e+01
2.714099999999999846e-01 4.056770000000000209e+01
2.727600000000000025e-01 4.054149999999999920e+01
2.735099999999999754e-01 4.047209999999999752e+01
2.745600000000000263e-01 4.073989999999999867e+01
2.750900000000000012e-01 4.077689999999999770e+01
2.751600000000000157e-01 4.052859999999999729e+01
2.758499999999999841e-01 4.066310000000000002e+01
2.763100000000000001e-01 4.067490000000000094e+01
2.766799999999999815e-01 4.085040000000000049e+01
2.777600000000000069e-01 4.061860000000000070e+01
2.778200000000000114e-01 4.091870000000000118e+01
2.793499999999999872e-01 4.070369999999999777e+01
2.798999999999999821e-01 4.050560000000000116e+01
2.799499999999999766e-01 4.056640000000000157e+01
2.806000000000000161e-01 4.066629999999999967e+01
2.813200000000000145e-01 4.062239999999999895e+01
2.820699999999999874e-01 4.059859999999999758e+01
2.826600000000000223e-01 4.074399999999999977e+01
2.834400000000000253e-01 4.065959999999999752e+01
2.840500000000000247e-01 4.057350000000000279e+01
2.844599999999999906e-01 4.054310000000000258e+01
2.844599999999999906e-01 4.069189999999999685e+01
2.847799999999999776e-01 4.111350000000000193e+01
2.855699999999999905e-01 4.070459999999999923e+01
2.858800000000000230e-01 4.067099999999999937e+01
2.866500000000000159e-01 4.063889999999999958e+01
2.873399999999999843e-01 4.056909999999999883e+01
2.875800000000000023e-01 4.053790000000000049e+01
2.877500000000000058e-01 4.087530000000000285e+01
2.881400000000000072e-01 4.070750000000000313e+01
2.884399999999999742e-01 4.074900000000000233e+01
2.885400000000000187e-01 4.074580000000000268e+01
2.889399999999999746e-01 4.094330000000000069e+01
2.890099999999999891e-01 4.074280000000000257e+01
2.890499999999999736e-01 4.067629999999999768e+01
2.890699999999999936e-01 4.070199999999999818e+01
2.894900000000000251e-01 4.097650000000000148e+01
2.899499999999999855e-01 4.073930000000000007e+01
2.900800000000000045e-01 4.072979999999999734e+01
2.904499999999999860e-01 4.078609999999999758e+01
2.912299999999999889e-01 4.048400000000000176e+01
2.919300000000000228e-01 4.076059999999999661e+01
2.919599999999999973e-01 4.076530000000000342e+01
2.921500000000000208e-01 4.075050000000000239e+01
2.922100000000000253e-01 4.042289999999999850e+01
2.925099999999999922e-01 4.063779999999999859e+01
2.925599999999999867e-01 4.069519999999999982e+01
2.929300000000000237e-01 4.074580000000000268e+01
2.929800000000000182e-01 4.082679999999999865e+01
2.936500000000000221e-01 4.085699999999999932e+01
2.950400000000000245e-01 4.076200000000000045e+01
2.958000000000000074e-01 4.102089999999999748e+01
2.958700000000000219e-01 4.099889999999999901e+01
2.964700000000000113e-01 4.099380000000000024e+01
2.969200000000000172e-01 4.065950000000000131e+01
2.969499999999999917e-01 4.075050000000000239e+01
2.985300000000000176e-01 4.127049999999999841e+01
2.985499999999999821e-01 4.065390000000000015e+01
2.989299999999999735e-01 4.091949999999999932e+01
2.993299999999999850e-01 4.101129999999999853e+01
2.994499999999999940e-01 4.102129999999999654e+01
2.994700000000000140e-01 4.073349999999999937e+01
3.002000000000000224e-01 4.098369999999999891e+01
3.003000000000000114e-01 4.087950000000000017e+01
3.008899999999999908e-01 4.117289999999999850e+01
3.014200000000000212e-01 4.085849999999999937e+01
3.015200000000000102e-01 4.110860000000000269e+01
3.025100000000000011e-01 4.088940000000000197e+01
3.030399999999999761e-01 4.082039999999999935e+01
3.035200000000000120e-01 4.092040000000000077e+01
3.036499999999999755e-01 4.107780000000000342e+01
3.040399999999999769e-01 4.071900000000000119e+01
3.040599999999999969e-01 4.070519999999999783e+01
3.047599999999999754e-01 4.104110000000000014e+01
3.048600000000000199e-01 4.090180000000000149e+01
3.052599999999999758e-01 4.059239999999999782e+01
3.053799999999999848e-01 4.090540000000000020e+01
3.054799999999999738e-01 4.100410000000000110e+01
3.058100000000000263e-01 4.094509999999999650e+01
3.065200000000000147e-01 4.089589999999999748e+01
3.068100000000000271e-01 4.115999999999999659e+01
3.069100000000000161e-01 4.095729999999999649e+01
3.081800000000000095e-01 4.120179999999999865e+01
3.083400000000000030e-01 4.095329999999999870e+01
3.087799999999999989e-01 4.099539999999999651e+01
3.092199999999999949e-01 4.104599999999999937e+01
3.093799999999999883e-01 4.097570000000000334e+01
3.094899999999999873e-01 4.101769999999999783e+01
3.096200000000000063e-01 4.071999999999999886e+01
3.105200000000000182e-01 4.061970000000000169e+01
3.106099999999999972e-01 4.099620000000000175e+01
3.108799999999999897e-01 4.104599999999999937e+01
3.114399999999999946e-01 4.101230000000000331e+01
3.117900000000000116e-01 4.103770000000000095e+01
3.120299999999999740e-01 4.095029999999999859e+01
3.126200000000000090e-01 4.095649999999999835e+01
3.126700000000000035e-01 4.103520000000000323e+01
3.126999999999999780e-01 4.062389999999999901e+01
3.129600000000000160e-01 4.101950000000000074e+01
3.130299999999999749e-01 4.100610000000000355e+01
3.138699999999999823e-01 4.102279999999999660e+01
3.145299999999999763e-01 4.112510000000000332e+01
3.150600000000000067e-01 4.101939999999999742e+01
3.151999999999999802e-01 4.088369999999999749e+01
3.158799999999999941e-01 4.120329999999999870e+01
3.159299999999999886e-01 4.093299999999999983e+01
3.162300000000000111e-01 4.119789999999999708e+01
3.178199999999999914e-01 4.107379999999999853e+01
3.180399999999999894e-01 4.107719999999999771e+01
3.182200000000000029e-01 4.101989999999999981e+01
3.185000000000000053e-01 4.133449999999999847e+01
3.190100000000000158e-01 4.114099999999999824e+01
3.190100000000000158e-01 4.089410000000000167e+01
3.209600000000000231e-01 4.123149999999999693e+01
3.210399999999999920e-01 4.095459999999999923e+01
3.211800000000000210e-01 4.119210000000000349e+01
3.220600000000000129e-01 4.072710000000000008e+01
3.222300000000000164e-01 4.086280000000000001e+01
3.222300000000000164e-01 4.087740000000000151e+01
3.227599999999999913e-01 4.093160000000000309e+01
3.244600000000000262e-01 4.106989999999999696e+01
3.254799999999999915e-01 4.122729999999999961e+01
3.256000000000000005e-01 4.126250000000000284e+01
3.257999999999999785e-01 4.116389999999999816e+01
3.258099999999999885e-01 4.104780000000000229e+01
3.263199999999999990e-01 4.105040000000000333e+01
3.280399999999999983e-01 4.100019999999999953e+01
3.284199999999999897e-01 4.130789999999999651e+01
3.284799999999999942e-01 4.135099999999999909e+01
3.285100000000000242e-01 4.093399999999999750e+01
3.286800000000000277e-01 4.107159999999999656e+01
3.286800000000000277e-01 4.110000000000000142e+01
3.287100000000000022e-01 4.092759999999999820e+01
3.290699999999999736e-01 4.105660000000000309e+01
3.294099999999999806e-01 4.141089999999999804e+01
3.295199999999999796e-01 4.123910000000000053e+01
3.296799999999999731e-01 4.110309999999999775e+01
3.299500000000000210e-01 4.084440000000000026e+01
3.304699999999999860e-01 4.123060000000000258e+01
3.305600000000000205e-01 4.116740000000000066e+01
3.306299999999999795e-01 4.116890000000000072e+01
3.308900000000000174e-01 4.115859999999999985e+01
3.309000000000000274e-01 4.099600000000000222e+01
3.310299999999999909e-01 4.100979999999999848e+01
3.314699999999999869e-01 4.103009999999999735e+01
3.314699999999999869e-01 4.123349999999999937e+01
3.314699999999999869e-01 4.110119999999999862e+01
3.318900000000000183e-01 4.101489999999999725e+01
3.323699999999999988e-01 4.097699999999999676e+01
3.329799999999999982e-01 4.132990000000000208e+01
3.335000000000000187e-01 4.100249999999999773e+01
3.335000000000000187e-01 4.103659999999999997e+01
3.345000000000000195e-01 4.112039999999999651e+01
3.349800000000000000e-01 4.102510000000000190e+01
3.351000000000000090e-01 4.102420000000000044e+01
3.367100000000000093e-01 4.103670000000000329e+01
3.374900000000000122e-01 4.116779999999999973e+01
3.375099999999999767e-01 4.100979999999999848e+01
3.376199999999999757e-01 4.114770000000000039e+01
3.377800000000000247e-01 4.115370000000000061e+01
3.381799999999999806e-01 4.114500000000000313e+01
3.384800000000000031e-01 4.111310000000000286e+01
3.389699999999999935e-01 4.105550000000000210e+01
3.406100000000000239e-01 4.117369999999999663e+01
3.409800000000000053e-01 4.105870000000000175e+01
3.411100000000000243e-01 4.106410000000000338e+01
3.416899999999999937e-01 4.121220000000000283e+01
3.444599999999999884e-01 4.130810000000000315e+01
3.444800000000000084e-01 4.129140000000000299e+01
3.448700000000000099e-01 4.123329999999999984e+01
3.454499999999999793e-01 4.120329999999999870e+01
3.460199999999999942e-01 4.133180000000000121e+01
3.469599999999999906e-01 4.141629999999999967e+01
3.471699999999999786e-01 4.111740000000000350e+01
3.488100000000000089e-01 4.137210000000000321e+01
3.491000000000000214e-01 4.124989999999999668e+01
3.491199999999999859e-01 4.128199999999999648e+01
3.493200000000000194e-01 4.114059999999999917e+01
3.493899999999999784e-01 4.120329999999999870e+01
3.494900000000000229e-01 4.100500000000000256e+01
3.494900000000000229e-01 4.137559999999999860e+01
3.494900000000000229e-01 4.115259999999999962e+01
3.496799999999999908e-01 4.148729999999999762e+01
3.501500000000000168e-01 4.118670000000000186e+01
3.505900000000000127e-01 4.123420000000000130e+01
3.509900000000000242e-01 4.125319999999999965e+01
3.514900000000000246e-01 4.147979999999999734e+01
3.514900000000000246e-01 4.133429999999999893e+01
3.537199999999999789e-01 4.136569999999999681e+01
3.551900000000000057e-01 4.146470000000000056e+01
3.577400000000000024e-01 4.135739999999999839e+01
3.579999999999999849e-01 4.135390000000000299e+01
3.584200000000000164e-01 4.124230000000000018e+01
3.584999999999999853e-01 4.114840000000000231e+01
3.590900000000000203e-01 4.115319999999999823e+01
3.590900000000000203e-01 4.144290000000000163e+01
3.594600000000000017e-01 4.142130000000000223e+01
3.601699999999999902e-01 4.118699999999999761e+01
3.603399999999999936e-01 4.107909999999999684e+01
3.609100000000000086e-01 4.143280000000000030e+01
3.614700000000000135e-01 4.111590000000000344e+01
3.628000000000000114e-01 4.124519999999999698e+01
3.632500000000000173e-01 4.136399999999999721e+01
3.649899999999999811e-01 4.146260000000000190e+01
3.662300000000000000e-01 4.113600000000000279e+01
3.665599999999999969e-01 4.123270000000000124e+01
3.671300000000000119e-01 4.120879999999999654e+01
3.679000000000000048e-01 4.126270000000000238e+01
3.679899999999999838e-01 4.146990000000000265e+01
3.683899999999999952e-01 4.154789999999999850e+01
3.685700000000000087e-01 4.146300000000000097e+01
3.696200000000000041e-01 4.144980000000000331e+01
3.698699999999999766e-01 4.121849999999999881e+01
3.702300000000000035e-01 4.137939999999999685e+01
3.705200000000000160e-01 4.137590000000000146e+01
3.705300000000000260e-01 4.138329999999999842e+01
3.705700000000000105e-01 4.163949999999999818e+01
3.706200000000000050e-01 4.127300000000000324e+01
3.706200000000000050e-01 4.106980000000000075e+01
3.709500000000000020e-01 4.140979999999999706e+01
3.713799999999999879e-01 4.133400000000000318e+01
3.715300000000000269e-01 4.138419999999999987e+01
3.715300000000000269e-01 4.142889999999999873e+01
3.735299999999999732e-01 4.131139999999999901e+01
3.743600000000000261e-01 4.147220000000000084e+01
3.767599999999999838e-01 4.141550000000000153e+01
3.780499999999999972e-01 4.135979999999999990e+01
3.785200000000000231e-01 4.142710000000000292e+01
3.799100000000000255e-01 4.129590000000000316e+01
3.799699999999999744e-01 4.141539999999999822e+01
3.806100000000000039e-01 4.146139999999999759e+01
3.809199999999999808e-01 4.145109999999999673e+01
3.812900000000000178e-01 4.145490000000000208e+01
3.815299999999999803e-01 4.167750000000000199e+01
3.818500000000000227e-01 4.156150000000000233e+01
3.824799999999999867e-01 4.137259999999999849e+01
3.829099999999999726e-01 4.136780000000000257e+01
3.840199999999999725e-01 4.151820000000000022e+01
3.860000000000000098e-01 4.152170000000000272e+01
3.867200000000000082e-01 4.137910000000000110e+01
3.874400000000000066e-01 4.155669999999999931e+01
3.878099999999999881e-01 4.163020000000000209e+01
3.889500000000000179e-01 4.138300000000000267e+01
3.894900000000000029e-01 4.154399999999999693e+01
3.925500000000000100e-01 4.147420000000000329e+01
3.951000000000000068e-01 4.146770000000000067e+01
3.970600000000000240e-01 4.125900000000000034e+01
3.994400000000000173e-01 4.171189999999999998e+01
4.005000000000000226e-01 4.149179999999999779e+01
4.022100000000000120e-01 4.147950000000000159e+01
4.029300000000000104e-01 4.154780000000000229e+01
4.036799999999999833e-01 4.161599999999999966e+01
4.046299999999999897e-01 4.167470000000000141e+01
4.048300000000000232e-01 4.133729999999999905e+01
4.055000000000000271e-01 4.178070000000000306e+01
4.064599999999999880e-01 4.169140000000000157e+01
4.089499999999999802e-01 4.170020000000000238e+01
4.092000000000000082e-01 4.174049999999999727e+01
4.093499999999999917e-01 4.170609999999999928e+01
4.094900000000000206e-01 4.167840000000000344e+01
4.100400000000000156e-01 4.168359999999999843e+01
4.112299999999999844e-01 4.166199999999999903e+01
4.113999999999999879e-01 4.183350000000000080e+01
4.116099999999999759e-01 4.181309999999999860e+01
4.126600000000000268e-01 4.178929999999999723e+01
4.165699999999999958e-01 4.172950000000000159e+01
4.185699999999999976e-01 4.161740000000000350e+01
4.193600000000000105e-01 4.168630000000000280e+01
4.193899999999999850e-01 4.146039999999999992e+01
4.195999999999999730e-01 4.186619999999999919e+01
4.196500000000000230e-01 4.179809999999999803e+01
4.199499999999999900e-01 4.143939999999999912e+01
4.203600000000000114e-01 4.183429999999999893e+01
4.208799999999999764e-01 4.161780000000000257e+01
4.209399999999999809e-01 4.172800000000000153e+01
4.219499999999999917e-01 4.153359999999999985e+01
4.224700000000000122e-01 4.164829999999999899e+01
4.224899999999999767e-01 4.167960000000000065e+01
4.234800000000000231e-01 4.159550000000000125e+01
4.235999999999999766e-01 4.184029999999999916e+01
4.239899999999999780e-01 4.172639999999999816e+01
4.245900000000000230e-01 4.174830000000000041e+01
4.256800000000000028e-01 4.170389999999999731e+01
4.260200000000000098e-01 4.175169999999999959e+01
4.269999999999999907e-01 4.181300000000000239e+01
4.270300000000000207e-01 4.183480000000000132e+01
4.279299999999999771e-01 4.227570000000000050e+01
4.285900000000000265e-01 4.188250000000000028e+01
4.289499999999999980e-01 4.164430000000000121e+01
4.290300000000000225e-01 4.182659999999999911e+01
4.297599999999999754e-01 4.192190000000000083e+01
4.302000000000000268e-01 4.183539999999999992e+01
4.349399999999999933e-01 4.178280000000000172e+01
4.354600000000000137e-01 4.158389999999999986e+01
4.368299999999999961e-01 4.200509999999999877e+01
4.375999999999999890e-01 4.162530000000000285e+01
4.378299999999999970e-01 4.188199999999999790e+01
4.389000000000000123e-01 4.146790000000000020e+01
4.389100000000000223e-01 4.166819999999999879e+01
4.393500000000000183e-01 4.182620000000000005e+01
4.401300000000000212e-01 4.214009999999999678e+01
4.406700000000000061e-01 4.163640000000000185e+01
4.414899999999999936e-01 4.168229999999999791e+01
4.424500000000000099e-01 4.185229999999999961e+01
4.426300000000000234e-01 4.190390000000000015e+01
4.436100000000000043e-01 4.179299999999999926e+01
4.439100000000000268e-01 4.180689999999999884e+01
4.476399999999999824e-01 4.185520000000000351e+01
4.488599999999999812e-01 4.188530000000000086e+01
4.489099999999999757e-01 4.198749999999999716e+01
4.506800000000000250e-01 4.164459999999999695e+01
4.510600000000000165e-01 4.192810000000000059e+01
4.516200000000000214e-01 4.158919999999999817e+01
4.516200000000000214e-01 4.199230000000000018e+01
4.516299999999999759e-01 4.171620000000000061e+01
4.521800000000000264e-01 4.199589999999999890e+01
4.532800000000000162e-01 4.179529999999999745e+01
4.534599999999999742e-01 4.188629999999999853e+01
4.545799999999999841e-01 4.178730000000000189e+01
4.547700000000000076e-01 4.188389999999999702e+01
4.588499999999999801e-01 4.196790000000000020e+01
4.606399999999999939e-01 4.200209999999999866e+01
4.610400000000000054e-01 4.201619999999999777e+01
4.616399999999999948e-01 4.198389999999999844e+01
4.664300000000000113e-01 4.234239999999999782e+01
4.665400000000000102e-01 4.204800000000000182e+01
4.684200000000000030e-01 4.197330000000000183e+01
4.688700000000000090e-01 4.176310000000000144e+01
4.704200000000000048e-01 4.221509999999999962e+01
4.706500000000000128e-01 4.201350000000000051e+01
4.716299999999999937e-01 4.197979999999999734e+01
4.720400000000000151e-01 4.203739999999999810e+01
4.756500000000000172e-01 4.193800000000000239e+01
4.778600000000000070e-01 4.222690000000000055e+01
4.794100000000000028e-01 4.186950000000000216e+01
4.794599999999999973e-01 4.201069999999999993e+01
4.798799999999999732e-01 4.189560000000000173e+01
4.806400000000000117e-01 4.200410000000000110e+01
4.806500000000000217e-01 4.197480000000000189e+01
4.816400000000000126e-01 4.230550000000000210e+01
4.888799999999999812e-01 4.208420000000000272e+01
4.924399999999999888e-01 4.227830000000000155e+01
4.949899999999999856e-01 4.208209999999999695e+01
4.956599999999999895e-01 4.214529999999999887e+01
4.957900000000000085e-01 4.208169999999999789e+01
4.973899999999999988e-01 4.212680000000000291e+01
5.006699999999999484e-01 4.225699999999999790e+01
5.009799999999999809e-01 4.211650000000000205e+01
5.028200000000000447e-01 4.216100000000000136e+01
5.028500000000000192e-01 4.207030000000000314e+01
5.030599999999999516e-01 4.214840000000000231e+01
5.031600000000000517e-01 4.214439999999999742e+01
5.059299999999999908e-01 4.207900000000000063e+01
5.061499999999999888e-01 4.210430000000000206e+01
5.072499999999999787e-01 4.223579999999999757e+01
5.073900000000000077e-01 4.224190000000000111e+01
5.082499999999999796e-01 4.201930000000000121e+01
5.101599999999999469e-01 4.209449999999999648e+01
5.109500000000000153e-01 4.205830000000000268e+01
5.116899999999999782e-01 4.238850000000000051e+01
5.138700000000000490e-01 4.225670000000000215e+01
5.143699999999999939e-01 4.222590000000000288e+01
5.146899999999999809e-01 4.232589999999999719e+01
5.172600000000000531e-01 4.209320000000000306e+01
5.188300000000000134e-01 4.219489999999999696e+01
5.188500000000000334e-01 4.218240000000000123e+01
5.194100000000000383e-01 4.224380000000000024e+01
5.196800000000000308e-01 4.229050000000000153e+01
5.227100000000000080e-01 4.234960000000000235e+01
5.240000000000000213e-01 4.217739999999999867e+01
5.262000000000000011e-01 4.217020000000000124e+01
5.285900000000000043e-01 4.208550000000000324e+01
5.293700000000000072e-01 4.229129999999999967e+01
5.309899999999999620e-01 4.188020000000000209e+01
5.311099999999999710e-01 4.251089999999999947e+01
5.312400000000000455e-01 4.252530000000000143e+01
5.322500000000000009e-01 4.198210000000000264e+01
5.327100000000000168e-01 4.224719999999999942e+01
5.337199999999999722e-01 4.216490000000000293e+01
5.343499999999999917e-01 4.214330000000000354e+01
5.353400000000000380e-01 4.232050000000000267e+01
5.357199999999999740e-01 4.221340000000000003e+01
5.394200000000000106e-01 4.233379999999999654e+01
5.409699999999999509e-01 4.227909999999999968e+01
5.415200000000000014e-01 4.253000000000000114e+01
5.454499999999999904e-01 4.256329999999999814e+01
5.483400000000000496e-01 4.202349999999999852e+01
5.488100000000000200e-01 4.216949999999999932e+01
5.502099999999999769e-01 4.232529999999999859e+01
5.503299999999999859e-01 4.237279999999999802e+01
5.504599999999999493e-01 4.241040000000000276e+01
5.526699999999999946e-01 4.219380000000000308e+01
5.537499999999999645e-01 4.249000000000000199e+01
5.538399999999999990e-01 4.208270000000000266e+01
5.578199999999999825e-01 4.243889999999999674e+01
5.588199999999999834e-01 4.273310000000000031e+01
5.588199999999999834e-01 4.229749999999999943e+01
5.618100000000000316e-01 4.229370000000000118e+01
5.626900000000000235e-01 4.260159999999999769e+01
5.628300000000000525e-01 4.242960000000000065e+01
5.643700000000000383e-01 4.239280000000000115e+01
5.643700000000000383e-01 4.248810000000000286e+01
5.643700000000000383e-01 4.239690000000000225e+01
5.648100000000000342e-01 4.248729999999999762e+01
5.687900000000000178e-01 4.224069999999999681e+01
5.754200000000000426e-01 4.219120000000000203e+01
5.757700000000000040e-01 4.259150000000000347e+01
5.761899999999999800e-01 4.248870000000000147e+01
5.766799999999999704e-01 4.242629999999999768e+01
5.773700000000000498e-01 4.264500000000000313e+01
5.783000000000000362e-01 4.241740000000000066e+01
5.783099999999999907e-01 4.245120000000000005e+01
5.788200000000000012e-01 4.242719999999999914e+01
5.789100000000000357e-01 4.253170000000000073e+01
5.796700000000000186e-01 4.239229999999999876e+01
5.806700000000000195e-01 4.257300000000000040e+01
5.807999999999999829e-01 4.270609999999999928e+01
5.830100000000000282e-01 4.254079999999999728e+01
5.833000000000000407e-01 4.279740000000000322e+01
5.838200000000000056e-01 4.247650000000000148e+01
5.838200000000000056e-01 4.264889999999999759e+01
5.838999999999999746e-01 4.241989999999999839e+01
5.858200000000000074e-01 4.270700000000000074e+01
5.873000000000000442e-01 4.262409999999999854e+01
5.887900000000000356e-01 4.250209999999999866e+01
5.902899999999999814e-01 4.251559999999999917e+01
5.917900000000000382e-01 4.245080000000000098e+01
6.006700000000000372e-01 4.261160000000000281e+01
6.015500000000000291e-01 4.275619999999999976e+01
6.032800000000000384e-01 4.275030000000000285e+01
6.062600000000000211e-01 4.261580000000000013e+01
6.082699999999999774e-01 4.259040000000000248e+01
6.087599999999999678e-01 4.242819999999999681e+01
6.087799999999999878e-01 4.261789999999999878e+01
6.098099999999999632e-01 4.268760000000000332e+01
6.107099999999999751e-01 4.266859999999999786e+01
6.112699999999999800e-01 4.290489999999999782e+01
6.117700000000000360e-01 4.270100000000000051e+01
6.157700000000000395e-01 4.270850000000000080e+01
6.187500000000000222e-01 4.271640000000000015e+01
6.194100000000000161e-01 4.269480000000000075e+01
6.198299999999999921e-01 4.275569999999999737e+01
6.207000000000000295e-01 4.269879999999999853e+01
6.218299999999999939e-01 4.258939999999999770e+01
6.252499999999999725e-01 4.265769999999999840e+01
6.272499999999999742e-01 4.258500000000000085e+01
6.307700000000000529e-01 4.266320000000000334e+01
6.318300000000000027e-01 4.231110000000000326e+01
6.322499999999999787e-01 4.284929999999999950e+01
6.339900000000000535e-01 4.259720000000000084e+01
6.377699999999999481e-01 4.252980000000000160e+01
6.379399999999999515e-01 4.286370000000000147e+01
6.382400000000000295e-01 4.265939999999999799e+01
6.387300000000000200e-01 4.278040000000000020e+01
6.393400000000000194e-01 4.278999999999999915e+01
6.418500000000000316e-01 4.284759999999999991e+01
6.431099999999999595e-01 4.236090000000000089e+01
6.437100000000000044e-01 4.279919999999999902e+01
6.437100000000000044e-01 4.280340000000000344e+01
6.477000000000000535e-01 4.281900000000000261e+01
6.485199999999999854e-01 4.303970000000000340e+01
6.487000000000000544e-01 4.273349999999999937e+01
6.496199999999999752e-01 4.278050000000000352e+01
6.621299999999999963e-01 4.297930000000000206e+01
6.646999999999999575e-01 4.286979999999999791e+01
6.707199999999999829e-01 4.306770000000000209e+01
6.777300000000000546e-01 4.322509999999999764e+01
6.818999999999999506e-01 4.283760000000000190e+01
6.837199999999999944e-01 4.317159999999999798e+01
6.851899999999999658e-01 4.301659999999999684e+01
6.887199999999999989e-01 4.281369999999999720e+01
6.893500000000000183e-01 4.285349999999999682e+01
6.893599999999999728e-01 4.304440000000000310e+01
6.907200000000000006e-01 4.291429999999999723e+01
6.931800000000000184e-01 4.291620000000000346e+01
6.971800000000000219e-01 4.296920000000000073e+01
6.981800000000000228e-01 4.296710000000000207e+01
6.991800000000000237e-01 4.294019999999999726e+01
6.991800000000000237e-01 4.306909999999999883e+01
6.993200000000000527e-01 4.311070000000000135e+01
6.999199999999999866e-01 4.311469999999999914e+01
7.006999999999999895e-01 4.291700000000000159e+01
7.011699999999999600e-01 4.309680000000000177e+01
7.019199999999999884e-01 4.289620000000000033e+01
7.019199999999999884e-01 4.304330000000000211e+01
7.157099999999999573e-01 4.299439999999999884e+01
7.187400000000000455e-01 4.287389999999999901e+01
7.196799999999999864e-01 4.316380000000000194e+01
7.196900000000000519e-01 4.296999999999999886e+01
7.201499999999999568e-01 4.316120000000000090e+01
7.207400000000000473e-01 4.304590000000000316e+01
7.267400000000000526e-01 4.308109999999999928e+01
7.277400000000000535e-01 4.300800000000000267e+01
7.286599999999999744e-01 4.300500000000000256e+01
7.301400000000000112e-01 4.291859999999999786e+01
7.316099999999999826e-01 4.317990000000000350e+01
7.336799999999999988e-01 4.298449999999999704e+01
7.339499999999999913e-01 4.321999999999999886e+01
7.349499999999999922e-01 4.325370000000000203e+01
7.356800000000000006e-01 4.318070000000000164e+01
7.359599999999999476e-01 4.316749999999999687e+01
7.367500000000000160e-01 4.299199999999999733e+01
7.419599999999999529e-01 4.348129999999999740e+01
7.427599999999999758e-01 4.308250000000000313e+01
7.457300000000000040e-01 4.316749999999999687e+01
7.460700000000000109e-01 4.298169999999999646e+01
7.491100000000000536e-01 4.293959999999999866e+01
7.492999999999999661e-01 4.317719999999999914e+01
7.507399999999999629e-01 4.290120000000000289e+01
7.589900000000000535e-01 4.324689999999999657e+01
7.607599999999999918e-01 4.306669999999999732e+01
7.610999999999999988e-01 4.317669999999999675e+01
7.616500000000000492e-01 4.313100000000000023e+01
7.656600000000000072e-01 4.323689999999999856e+01
7.666600000000000081e-01 4.342240000000000322e+01
7.667399999999999771e-01 4.336229999999999762e+01
7.670900000000000496e-01 4.355870000000000175e+01
7.686500000000000554e-01 4.329290000000000305e+01
7.693200000000000038e-01 4.321679999999999922e+01
7.730900000000000549e-01 4.335679999999999978e+01
7.792900000000000382e-01 4.303949999999999676e+01
7.880700000000000482e-01 4.330420000000000158e+01
7.890700000000000491e-01 4.338369999999999749e+01
7.892799999999999816e-01 4.319950000000000045e+01
7.966199999999999948e-01 4.290259999999999962e+01
7.986299999999999510e-01 4.343379999999999797e+01
8.398099999999999454e-01 4.335999999999999943e+01
8.398099999999999454e-01 4.320120000000000005e+01
8.548200000000000243e-01 4.361679999999999779e+01
9.358499999999999597e-01 4.353309999999999746e+01
9.742300000000000404e-01 4.411110000000000042e+01
1.012420000000000098e+00 4.411769999999999925e+01
1.019879999999999898e+00 4.427570000000000050e+01
1.020880000000000010e+00 4.397059999999999746e+01
1.027889999999999970e+00 4.453640000000000043e+01
1.048170000000000046e+00 4.442289999999999850e+01
1.120919999999999916e+00 4.444050000000000011e+01
1.232250000000000068e+00 4.432070000000000221e+01
1.235970000000000013e+00 4.490500000000000114e+01
1.299109999999999987e+00 4.486410000000000053e+01
1.304100000000000037e+00 4.472059999999999746e+01
1.306110000000000104e+00 4.501970000000000027e+01
1.313169999999999948e+00 4.478670000000000329e+01
1.329099999999999948e+00 4.487449999999999761e+01
1.341010000000000035e+00 4.475410000000000110e+01
1.351359999999999895e+00 4.454919999999999902e+01
1.356079999999999952e+00 4.480939999999999657e+01
1.391029999999999989e+00 4.479440000000000310e+01
1.416330000000000089e+00 4.445790000000000219e+01
1.542899999999999938e+00 4.509020000000000294e+01
1.549009999999999998e+00 4.529299999999999926e+01
1.615050000000000097e+00 4.515950000000000131e+01
1.697060000000000013e+00 4.528629999999999711e+01
1.801190000000000069e+00 4.548649999999999949e+01
1.911650000000000071e+00 4.542329999999999757e+01
2.261369999999999880e+00 4.618280000000000030e+01